2000 089 1.5 0.4 0
2000 105 2.5 1.7 0
2000 113 1.6 0.4 0
2000 121 1.3 0.4 0
2000 137 1.6 0.5 0
2000 145 1.4 0.1 0
2000 153 1.8 0.4 0
2000 161 2.1 1.3 0
2000 169 1.7 0.2 0
2000 177 1.6 0.4 0
2000 185 1.7 0.5 0
2000 193 1.8 0.6 0
2000 201 1.7 0.6 0
2000 209 1.8 0.6 0
2000 233 1.9 0.9 0
2000 241 1.9 0.6 0
2000 249 1.6 0.5 0
2000 257 1.7 0.5 0
2000 265 1.6 0.2 0
2000 273 1.8 0.4 0
2000 281 1.7 0.4 0
2000 289 2 1.2 0
2000 297 1.7 1 0
2000 305 1.7 0.9 0
2000 321 1.6 0.9 0
2000 337 1 0.3 0
2001 009 0.4 0.2 1000
2001 017 0.9 0 1000
2001 033 1.2 0.2 0
2001 041 1.4 0 0
2001 057 1 0.3 0
2001 065 1.4 0.3 0
2001 073 1.2 0.3 0
2001 081 1.6 0.5 0
2001 089 0.7 0.1 1000
2001 097 1.6 0.5 0
2001 105 0.7 0.2 0
2001 121 1.7 0.1 0
2001 129 1.6 0.2 0
2001 137 1.9 0.3 0
2001 145 1.4 0.1 0
2001 153 1.4 0.4 0
2001 161 1.6 0.4 0
2001 185 1.6 0.2 0
2001 193 1.7 0.5 0
2001 201 1.5 0.4 0
2001 209 1.8 1 0
2001 217 1.6 0.2 0
2001 225 2.5 1.8 0
2001 233 1.5 0.2 0
2001 241 2.6 1.9 0
2001 249 1.5 0.3 0
2001 257 1.5 0.2 0
2001 265 1.6 0.5 0
2001 273 2.4 1.2 0
2001 281 2.7 1.7 0
2001 289 2.3 1.6 0
2001 297 1.3 0.2 0
2001 305 2 1.2 0
2001 337 0.8 0.2 0
2002 009 0.8 0.2 0
2002 057 1.1 0.4 0
2002 089 1.5 0.3 0
2002 097 1.2 0.3 0
2002 105 1.4 0.2 0
2002 113 1.5 0.4 0
2002 121 1.4 0.2 0
2002 129 1.6 0.2 0
2002 137 1.4 0.2 0
2002 145 1.5 0.1 0
2002 153 1.4 0.4 0
2002 161 1.3 0.4 0
2002 169 1.5 0.4 0
2002 177 1.4 0.4 0
2002 185 1.6 0.4 0
2002 193 1.7 0.3 0
2002 201 1.9 0.5 0
2002 209 1.7 0.5 0
2002 217 1.6 0 0
2002 225 1.6 0.3 0
2002 233 1.6 0.3 0
2002 241 1.5 0.3 0
2002 249 1.7 0.3 0
2002 257 1.6 0.2 0
2002 265 1.5 0.1 0
2002 273 1.4 0.3 0
2002 281 2.1 1.4 0
2002 289 4.3 1.7 100000
2002 297 3 1.7 0
2002 305 1.7 1 0
2002 313 2 1 0
2002 321 2.1 1 0
2002 329 3.9 2 100000
2002 337 1 0.3 0
2002 345 0.5 0.1 0
2003 001 1.9 0.9 0
2003 017 1.3 0.4 0
2003 025 0.9 0.2 0
2003 033 1.6 0.5 0
2003 041 2 1.2 0
2003 049 1.7 0.8 0
2003 057 0.6 0.2 1000
2003 065 1.1 0.4 0
2003 073 1 0.2 0
2003 081 1.6 0 0
2003 089 1.3 0.4 0
2003 097 1.4 0.3 0
2003 105 1.6 0.2 0
2003 113 1.6 0.5 10000
2003 121 1.7 0.2 0
2003 129 1.4 0.4 0
2003 137 1.6 0.2 0
2003 145 1.3 0.3 0
2003 153 1.8 0.4 0
2003 161 1.5 0.5 0
2003 169 1.3 0.4 0
2003 177 1.7 0.6 0
2003 185 1.7 0.4 0
2003 193 1.7 0.6 0
2003 201 1.9 0.4 0
2003 209 1.6 0.5 0
2003 217 1.2 0.3 0
2003 225 1.8 0.6 0
2003 249 1.5 0.2 0
2003 265 1.6 0.2 0
2003 273 1.7 0.5 0
2003 281 1.9 1.2 0
2003 289 2.1 1.3 0
2003 297 2.8 1.6 0
2003 313 0.8 0.2 0
2004 049 0.3 0.2 10000
2004 065 1.3 0.4 0
2004 073 1.4 0.1 0
2004 081 1.6 0.5 0
2004 089 1.5 0.2 0
2004 097 1.5 0.4 0
2004 113 1.7 0.5 0
2004 121 1.6 0.2 0
2004 129 1.7 0.5 0
2004 145 1.5 0.5 0
2004 153 1.4 0.1 0
2004 161 1.7 0.1 0
2004 169 1.4 0.1 0
2004 177 1.7 0.6 0
2004 185 1.8 0.6 0
2004 193 1.9 0.4 0
2004 201 1.7 0.5 0
2004 209 1.9 0.5 0
2004 217 1.8 0.6 0
2004 225 1.9 0.6 0
2004 233 3.6 2 100000
2004 241 1.7 0.3 0
2004 249 1.7 0.1 0
2004 257 1.5 0.4 0
2004 265 2.4 1.6 0
2004 273 1.8 0.2 0
2004 281 2 1.3 0
2004 289 1.2 0.3 0
2004 297 3 1.5 0
2004 305 2.4 1.4 0
2004 313 1.5 0.4 0
2004 321 2.6 1.5 0
2004 329 5 1.2 100000
2004 337 2.6 1.3 0
2004 345 2 1 0
2004 353 2.2 1.1 0
